37.0988
43.7291
46.9496
39.5929
39.0833
33.7408
30.5672
39.0713
47.0909
44.1902
31.7703
29.1775
48.6073
47.8129
53.5631
39.3574
42.3921
48.9149
31.5475
38.9353
42.4884
46.0965
51.9034
48.6435
41.8704
26.2867
39.6479
36.8463
36.1547
32.0035
52.3181
45.4501
36.4008
36.409
42.6885
40.9921
44.1529
40.0065
46.8288
43.6577
33.9979
44.1189
32.8556
29.3045
28.1697
36.8386
52.985
27.3073
37.0871
52.66
32.0923
39.8476
39.2873
45.7584
41.362
45.6683
39.9703
49.2132
38.9965
30.1568
47.0265
41.5736
42.391
29.8304
41.8371
28.7105
41.1158
